40
32
13
1
1
2
3
8
14
56
84
94
106
110
93
67
35
37
34
28
39
17
17
9
6
3
2
8
20
53
70
93
75
59
74
76
53
30
22
31
9
8
5
2
1
30
64
154
88
44
51
61
61
77
76
157
157
110
52
52
20
12
5
1
2
4
36
94
179
100
42
57
97
63
65
83
212
182
112
54
48
11
6
6
2
2
3
33
88
195
57
46
79
71
62
62
89
190
169
89
43
42
19
11
4
2
1
4
95
219
122
45
59
84
67
70
62
172
163
112
69
48
52
23
17
7
1
5
34
84
210
134
63
67
59
50
72
87
187
123
95
51
39
36
25
16
16
7
1
5
2
9
15
61
62
98
102
95
74
76
69
55
28
37
34
22
25
12
11
4
1
1
6
10
19
49
49
83
75
72
92
62
48
41
38
20
15
6
5
3
1
3
3
31
77
188
94
31
52
54
47
45
74
178
155
95
74
24
18
12
3
3
6
27
99
217
54
35
57
52
63
47
76
136
95
32
20
29
19
7
6
1
5
16
128
81
39
35
55
49
44
49
68
137
83
56
57
33
20
7
2
2
4
3
28
72
202
139
38
37
52
42
60
78
162
144
99
64
40
30
14
5
1
1
8
17
70
158
117
53
61
77
64
68
90
159
139
92
52
36
27
28
20
12
8
5
1
10
23
33
59
72
89
101
118
129
83
84
74
41
57
26
44
39
23
15
1
2
1
3
18
32
79
93
118
91
113
99
105
67
61
57
28
18
17
16
8
2
3
1
5
13
47
57
64
80
93
86
93
82
71
60
33
27
13
4
3
22
28
35
125
133
99
83
41
33
20
3
7
2
7
32
90
197
109
47
52
70
75
82
104
197
161
112
76
59
59
13
5
2
1
1
6
35
101
249
57
68
84
98
81
70
91
215
185
126
57
56
31
21
6
2
1
1
27
68
217
166
63
59
78
73
62
97
161
120
96
53
41
34
27
13
11
7
3
2
8
27
40
53
63
84
75
103
83
67
54
59
45
39
33
22
13
18
5
3
1
2
19
58
99
116
87
110
77
65
55
49
35
25
28
21
7
1
1
1
5
84
177
102
40
46
63
60
45
57
184
153
106
81
59
35
24
9
5
1
9
36
108
238
144
55
61
106
68
84
116
222
225
146
119
45
53
17
5
10
1
8
30
72
58
28
48
47
36
43
36
26
24
84
104
59
38
27
16
9
3
2
1
4
60
157
101
49
30
29
31
38
41
149
109
89
62
58
26
23
28
20
8
3
2
5
34
34
55
64
78
99
120
107
91
68
58
43
36
32
33
29
11
8
1
3
3
12
38
59
97
84
122
109
123
77
65
55
28
21
21
7
7
1
2
2
8
72
185
112
69
48
68
54
86
44
161
156
111
78
56
34
17
8
3
2
3
22
52
135
116
47
51
55
54
52
64
176
168
108
74
64
36
2
3
4
1
1
3
18
49
155
61
52
64
75
63
76
103
190
182
75
63
40
32
12
5
2
1
2
87
188
133
52
64
69
51
47
60
175
147
96
109
54
41
38
13
7
1
7
28
87
220
127
51
64
86
91
90
99
205
155
103
71
43
46
39
18
17
11
8
9
4
4
10
34
47
52
72
55
60
71
78
83
69
56
45
59
39
44
20
13
2
1
8
23
45
89
117
174
182
161
157
121
78
21
26
27
62
30
15
3
1
2
10
30
95
230
118
55
66
64
60
50
114
216
175
128
88
37
25
10
4
2
1
3
2
39
243
135
48
50
65
50
64
51
83
152
101
56
54
29
12
17
7
3
7
43
99
199
123
59
41
61
69
64
79
166
170
88
84
83
46
37
7
3
1
6
26
99
178
122
35
69
62
48
50
80
165
160
112
97
51
34
14
7
3
4
24
74
216
44
64
71
110
84
74
125
211
174
63
47
43
53
30
24
15
10
4
2
11
30
43
84
114
120
135
120
145
137
64
41
40
51
45
32
39
20
12
2
5
3
12
47
105
112
154
161
162
134
125
95
61
47
51
30
11
7
2
2
2
3
26
98
130
55
53
126
120
90
90
118
243
98
70
43
45
20
19
5
3
1
30
105
223
110
52
57
71
82
79
98
206
212
145
101
66
41
20
15
1
1
5
33
108
230
124
69
66
93
82
117
122
255
222
161
118
92
33
17
6
6
4
4
12
47
126
179
88
90
101
123
81
106
146
274
175
139
124
76
44
32
8
7
8
7
50
116
272
169
95
113
185
176
172
232
327
224
162
124
72
107
77
31
17
7
3
3
6
22
45
55
123
119
155
196
171
120
127
88
59
33
44
29
17
16
17
18
1
2
24
55
104
161
182
198
212
168
147
101
42
42
56
47
54
37
13
4
1
3
8
19
63
57
81
90
93
116
87
56
80
66
49
29
34
11
7
40
114
106
44
50
55
55
58
86
196
167
118
105
82
77
21
6
1
2
8
36
96
235
139
51
69
87
78
72
94
222
209
141
109
91
39
11
7
4
2
4
58
104
252
57
79
95
88
69
63
71
177
137
89
83
55
50
9
10
3
2
6
35
73
114
49
59
115
83
85
55
189
157
90
62
63
50
39
28
27
8
2
10
7
22
57
74
85
126
174
211
165
171
183
137
94
68
68
34
34
37
22
11
2
3
14
35
103
125
193
259
282
261
268
187
127
81
69
69
59
30
8
1
5
28
255
142
92
87
36
32
25
35
42
131
80
45
80
76
45
7
3
4
1
2
46
107
214
124
68
56
86
79
64
102
242
224
119
88
63
47
8
4
2
4
1
5
40
110
256
76
73
82
125
96
110
139
268
201
95
71
48
22
13
1
3
1
1
35
111
220
145
56
50
72
80
78
71
202
167
106
70
51
53
23
12
2
1
1
7
29
83
228
150
66
97
87
95
106
118
228
187
107
87
44
46
19
25
20
2
1
3
4
45
63
103
159
167
190
198
205
204
152
89
70
72
63
44
52
39
32
3
2
5
9
22
31
62
79
105
7
11
25
23
11
11
7
10
9
2
1
1
1
34
91
211
134
58
96
70
77
96
122
233
233
145
92
35
22
10
4
1
7
2
10
45
257
151
71
78
99
98
72
112
108
235
150
76
75
55
41
9
4
2
2
8
49
141
249
141
57
59
98
71
79
112
194
188
134
91
62
21
3
2
1
3
12
37
44
24
17
34
12
12
14
21
111
82
56
38
34
27
6
8
5
2
7
32
114
156
78
81
111
107
89
85
113
223
118
76
53
64
37
34
18
14
7
2
4
23
53
101
99
119
158
157
182
244
213
145
112
86
82
63
49
33
23
13
3
2
10
34
44
122
194
221
250
304
256
241
147
101
77
37
28
11
1
1
3
8
28
88
140
84
71
94
75
79
101
107
271
150
129
63
47
19
14
10
3
2
35
119
282
157
78
78
102
97
88
114
217
225
152
88
55
21
18
8
3
1
3
31
111
253
154
68
75
99
100
101
151
253
237
168
121
78
27
23
12
8
2
3
13
51
140
185
78
86
105
111
119
125
142
313
207
137
138
87
50
29
16
14
5
36
123
280
210
117
159
195
175
174
204
332
331
190
149
113
118
86
76
25
8
3
2
10
13
48
76
140
267
301
312
313
304
278
217
154
108
72
50
40
24
30
12
3
9
4
37
78
136
203
228
203
279
308
224
156
79
67
49
38
24
13
7
6
2
32
18
98
127
62
79
81
112
107
141
272
276
221
122
91
78
30
19
1
5
1
12
60
136
336
178
86
121
106
101
134
165
307
312
164
87
70
32
11
7
2
3
10
44
261
182
75
71
87
108
84
85
136
238
159
75
22
44
26
11
3
6
1
9
41
108
124
97
65
71
94
83
90
84
233
214
138
118
78
62
18
5
5
2
5
9
32
104
237
68
75
145
138
133
122
150
225
198
81
75
43
39
28
27
25
9
6
10
41
66
100
125
168
227
239
216
248
203
153
138
85
51
63
41
31
21
14
6
2
7
14
54
86
108
147
164
172
143
159
137
103
57
36
19
12
6
5
2
8
40
110
254
69
57
79
83
80
72
132
252
241
112
61
40
19
16
4
3
3
2
50
133
287
172
59
81
106
104
86
136
299
294
190
132
83
55
35
11
4
4
1
7
48
136
263
154
64
80
98
80
70
36
116
85
72
44
24
12
3
5
5
1
2
8
36
192
132
69
58
90
68
76
65
85
177
130
85
60
51
27
6
4
7
3
12
28
95
206
173
75
89
95
87
111
167
281
241
136
77
93
74
32
32
21
9
5
5
12
18
55
154
198
184
137
190
136
196
184
179
85
77
55
53
39
34
24
11
3
33
33
62
142
215
243
313
367
349
303
274
172
144
79
45
36
31
6
2
1
2
7
46
157
339
158
90
157
139
123
143
189
366
386
278
173
75
48
22
15
5
4
2
5
38
157
46
28
19
38
56
76
68
130
267
160
91
89
46
26
15
2
5
1
13
56
133
325
165
69
93
134
115
117
169
356
325
232
141
102
84
20
13
7
3
1
6
64
160
314
95
122
153
135
157
160
213
343
333
203
108
81
54
25
9
13
1
1
35
113
221
185
73
98
80
42
15
60
148
62
53
63
54
51
35
31
17
14
3
5
13
21
54
98
133
202
222
212
201
191
257
177
130
93
87
57
53
37
36
16
5
4
4
55
81
150
202
230
263
281
297
288
240
131
92
95
57
32
23
4
9
13
61
176
314
165
96
104
134
139
141
235
452
383
284
166
158
91
54
13
14
1
6
16
58
189
226
54
49
92
106
44
78
99
291
224
130
84
54
39
15
1
2
2
3
5
70
164
65
46
61
95
61
106
81
309
321
175
126
117
99
62
21
10
2
9
14
70
193
337
170
89
115
159
137
142
202
388
337
259
169
145
47
27
15
18
3
3
13
47
149
178
122
136
200
180
163
162
243
331
209
118
102
80
64
43
33
24
14
4
10
21
45
29
22
31
32
58
78
33
15
38
71
53
14
24
35
31
29
25
7
3
8
16
43
102
304
354
343
361
388
343
306
277
210
83
70
56
39
19
16
7
6
16
168
297
169
109
123
184
169
144
176
428
362
286
165
151
90
46
25
7
3
5
18
65
188
351
162
75
72
129
107
127
192
411
421
276
168
122
52
33
7
2
2
9
15
64
237
197
131
118
145
177
148
145
255
432
383
225
172
117
93
44
26
13
7
14
75
198
365
196
98
133
199
177
235
294
481
452
324
204
184
137
99
24
9
2
3
16
49
180
346
195
106
80
40
36
75
62
69
51
55
28
24
17
18
16
17
4
5
7
19
47
68
129
232
291
312
391
397
383
376
283
183
135
169
117
96
54
24
5
12
13
27
80
177
289
317
441
420
369
359
331
270
194
105
61
42
12
10
10
10
5
17
66
196
174
125
147
188
203
146
175
239
521
382
237
190
106
62
27
21
26
21
16
80
270
449
199
120
172
186
176
153
291
521
528
328
234
195
148
78
17
5
7
6
17
84
246
444
181
156
173
150
148
138
218
521
412
260
145
129
78
54
20
21
3
9
13
215
398
183
54
84
107
121
142
163
455
530
404
269
194
153
110
48
31
5
6
25
71
240
421
230
156
157
308
248
252
299
508
439
270
194
195
113
106
74
65
17
7
7
21
48
156
279
321
416
455
452
499
464
407
387
224
177
143
125
96
59
50
23
10
13
33
59
141
264
250
281
332
266
214
196
159
178
121
105
100
146
114
35
16
17
20
62
209
371
172
130
187
170
181
155
269
537
518
314
232
125
64
16
14
5
2
4
14
265
459
186
127
140
217
194
158
154
517
544
365
290
225
113
62
27
7
1
3
9
21
52
79
40
31
72
143
107
129
195
410
396
296
191
150
57
27
10
5
4
7
30
89
271
184
128
148
196
192
154
147
269
533
361
258
180
165
115
56
32
16
9
16
82
222
450
188
127
165
246
253
260
344
553
470
292
190
152
151
120
58
52
18
5
7
13
40
115
218
347
373
436
378
378
342
354
289
267
182
120
119
100
64
59
31
10
5
23
86
160
244
340
382
390
366
358
351
268
239
174
127
115
50
53
33
7
4
23
89
237
374
178
119
125
174
162
199
304
598
524
384
239
156
61
18
15
5
4
2
29
112
314
205
127
125
217
202
176
180
327
611
434
291
203
150
81
38
20
10
3
20
99
318
442
203
154
141
226
193
179
289
259
274
401
273
234
146
81
17
15
5
6
29
112
297
421
212
179
207
218
191
217
288
594
527
364
223
172
103
52
20
11
4
5
25
157
387
233
130
146
223
226
190
198
491
398
270
152
154
132
119
102
82
35
5
14
11
32
88
100
167
279
248
216
294
295
272
304
248
157
59
44
39
47
50
32
13
14
17
42
134
226
322
367
456
437
459
440
392
231
191
151
117
69
38
14
13
4
21
104
272
394
194
112
185
209
214
165
226
274
453
308
198
177
127
57
13
8
4
4
22
49
151
347
207
130
153
172
184
210
290
604
480
349
174
98
56
23
12
6
9
3
9
274
453
202
106
23
54
122
138
167
565
489
331
213
85
117
59
29
6
4
5
26
103
257
487
216
130
164
183
180
188
302
547
513
410
282
209
72
48
25
8
5
5
28
117
319
234
148
196
255
232
197
242
330
554
302
220
195
152
115
98
72
40
19
5
28
43
126
225
323
418
493
462
506
471
444
444
301
248
227
204
145
98
68
33
12
6
18
40
94
189
373
401
455
316
331
273
306
358
300
136
121
65
41
9
5
4
4
11
236
409
167
121
180
204
204
187
176
429
453
358
310
188
131
72
35
15
2
4
24
112
314
434
138
108
175
190
153
188
277
548
564
355
280
189
66
35
8
8
9
3
25
117
313
234
135
140
210
202
168
182
299
601
405
340
236
174
86
45
16
14
4
27
98
286
489
216
143
160
194
197
141
291
494
478
378
322
223
180
90
50
18
12
7
31
81
249
418
227
166
243
209
239
356
419
491
399
279
151
141
127
94
55
48
15
4
7
50
102
177
276
349
358
385
382
374
341
385
252
196
201
161
125
83
66
26
23
6
15
30
96
152
251
319
418
351
376
361
383
328
287
219
229
135
103
79
45
18
6
7
16
31
128
269
321
366
350
327
311
309
304
225
237
149
106
48
29
17
12
4
26
109
235
406
175
109
106
162
147
175
249
495
417
285
251
210
159
61
17
3
6
4
21
128
284
454
207
112
169
154
145
152
266
486
309
264
190
129
69
42
15
6
4
3
31
304
467
225
139
165
232
203
185
188
572
525
379
337
248
155
112
68
22
5
6
28
106
277
502
230
161
192
248
240
212
349
558
564
391
293
247
171
93
94
59
18
15
8
28
87
224
317
369
420
456
451
404
440
344
285
239
185
190
150
113
96
64
47
6
21
27
98
164
251
335
335
367
417
398
390
363
357
279
165
130
86
14
8
5
8
31
112
299
438
188
111
153
180
145
165
267
579
556
407
189
173
60
20
4
5
2
5
32
334
477
217
123
151
183
196
146
183
539
551
424
346
218
153
90
41
23
3
6
21
116
353
481
202
90
134
136
155
128
233
506
459
384
280
202
116
47
16
6
2
6
20
118
314
168
94
118
140
136
118
104
200
409
326
254
171
153
97
69
23
13
6
28
104
267
452
213
111
153
207
189
212
285
517
463
306
250
218
185
146
77
60
28
13
16
40
68
143
230
325
347
387
380
374
394
337
286
264
220
190
131
119
93
66
28
14
10
34
92
182
311
367
420
373
315
360
252
256
223
206
140
128
107
28
16
7
4
29
105
328
476
224
118
159
227
200
185
326
601
586
423
331
218
89
31
13
10
2
3
26
113
365
193
130
143
169
209
159
178
330
569
386
297
243
188
110
52
14
9
1
21
121
370
498
207
135
164
211
189
164
312
638
607
416
330
257
175
107
17
5
4
6
25
112
188
388
261
150
206
151
153
159
294
272
325
327
188
151
16
24
23
13
6
6
13
250
454
224
170
181
243
204
215
243
552
450
328
232
208
175
178
104
95
20
5
7
27
57
131
218
244
404
327
334
367
468
449
381
326
188
183
150
89
76
72
30
17
19
33
71
169
244
377
396
363
317
362
378
397
311
232
167
152
92
26
12
2
1
3
26
46
221
219
91
94
162
179
205
299
565
538
431
316
206
130
60
14
6
2
9
25
115
309
401
275
171
189
207
152
170
335
572
536
425
229
109
64
33
21
7
7
11
23
311
423
219
135
145
188
147
145
146
529
513
342
282
247
148
105
49
31
5
7
24
100
327
432
227
127
136
186
149
189
275
569
540
400
352
234
105
63
28
14
5
9
20
91
268
231
145
203
201
221
229
216
327
557
385
288
233
167
172
116
95
59
39
14
29
42
112
186
302
331
392
371
392
410
399
307
375
269
202
187
179
90
87
34
11
12
20
51
107
206
346
443
442
443
403
455
421
382
317
183
114
78
32
15
6
2
9
22
261
447
187
150
150
170
164
158
202
604
591
396
305
242
145
81
30
13
2
8
21
124
347
456
246
157
167
189
160
166
261
579
504
299
296
195
81
36
28
16
5
5
22
116
336
221
126
170
243
231
188
189
328
570
401
333
221
183
129
54
32
8
9
25
123
320
555
260
132
169
233
232
240
323
594
586
455
340
323
207
126
31
13
11
6
30
108
243
492
260
214
263
292
303
381
427
461
422
318
218
222
140
115
78
52
26
11
14
45
132
179
271
357
374
404
392
331
349
383
305
284
232
201
154
144
78
33
5
1
3
25
92
181
264
390
421
375
376
414
358
181
183
176
167
147
140
119
63
26
12
4
16
36
238
280
349
447
423
408
408
452
436
375
386
457
326
138
55
39
13
8
20
94
270
432
227
139
172
201
203
162
281
545
496
368
284
245
155
73
15
5
6
6
35
121
312
428
189
127
152
140
163
185
275
596
563
394
241
186
98
35
16
8
4
4
32
292
443
179
101
142
171
155
160
166
569
562
365
285
209
182
129
47
34
6
11
27
102
332
457
241
138
165
229
216
141
132
167
316
270
250
204
151
121
53
55
30
6
15
38
71
247
264
290
366
416
373
402
416
401
306
314
238
214
140
154
113
96
25
17
25
65
92
169
268
287
377
367
361
372
363
363
303
268
227
143
72
10
12
10
4
26
121
317
420
208
128
148
141
134
146
239
514
472
373
130
90
55
22
14
9
8
6
25
330
417
176
123
125
163
136
124
148
428
511
337
308
258
194
79
46
12
4
5
26
121
313
449
186
113
165
158
116
46
141
488
463
419
342
250
116
46
25
10
6
6
28
130
334
224
127
148
223
177
178
180
274
595
400
348
261
176
124
80
20
38
7
23
120
274
564
207
166
210
238
247
237
361
587
496
394
343
261
223
167
75
58
26
16
10
37
52
127
222
396
463
497
433
428
425
475
428
406
252
201
168
125
102
94
47
10
12
50
118
184
304
391
420
472
430
324
369
390
379
262
207
181
93
51
25
7
4
17
105
277
347
203
130
141
152
138
164
265
545
558
398
323
202
91
51
13
13
3
5
19
134
315
199
141
127
153
172
152
158
277
513
388
277
241
156
92
40
11
9
6
23
116
303
438
209
110
142
149
120
138
234
455
497
382
309
242
169
99
21
6
6
4
18
117
274
381
200
106
135
102
147
133
210
414
382
284
225
149
113
60
24
14
7
13
19
252
322
208
115
109
115
123
101
133
306
284
250
212
190
149
103
101
70
22
9
7
25
45
109
132
198
216
245
236
215
221
197
196
217
145
154
104
119
96
60
37
6
8
22
35
154
226
243
246
252
283
238
249
249
240
195
153
98
50
34
12
6
4
24
107
277
387
135
84
107
67
78
112
198
485
533
386
302
194
125
87
12
7
4
6
27
110
318
424
187
151
147
182
147
163
254
537
546
398
267
158
89
45
10
6
4
4
18
347
433
216
114
136
169
180
127
140
572
541
375
294
245
180
109
45
29
5
6
27
116
305
456
210
116
154
152
138
146
256
468
483
322
270
196
123
57
34
13
11
6
27
90
254
179
106
161
135
156
148
169
233
421
241
206
163
174
116
133
90
42
43
13
24
42
114
174
261
317
341
308
302
302
302
299
256
206
205
209
177
79
67
50
13
8
13
45
142
183
275
338
294
326
293
306
320
304
274
164
96
70
29
17
11
4
4
26
282
382
166
97
119
168
150
123
129
514
543
413
305
220
137
96
29
12
5
10
21
117
335
435
213
140
128
203
159
168
274
556
556
454
288
254
132
43
16
11
4
7
24
110
271
195
68
122
161
144
147
118
150
425
321
87
88
77
56
17
17
7
3
20
97
282
398
187
113
149
205
205
165
290
555
523
366
286
211
174
132
19
19
6
7
16
101
270
454
226
147
216
204
245
210
330
550
466
372
173
188
139
133
67
53
42
10
6
63
121
215
290
349
382
441
380
362
149
211
171
137
114
120
108
80
73
32
6
5
13
39
89
184
266
269
324
322
326
193
194
229
228
183
136
55
30
12
7
1
10
15
95
267
183
124
179
182
151
150
126
282
527
416
286
186
147
72
35
14
12
3
30
101
343
392
175
144
149
185
175
164
285
532
585
371
292
230
155
75
17
11
4
5
32
119
305
399
180
149
240
191
178
194
282
584
559
413
209
139
108
46
26
11
9
5
25
307
390
197
132
187
214
217
142
178
582
571
371
288
206
157
127
65
23
9
5
26
76
264
426
205
130
156
253
186
249
334
516
465
385
287
226
151
84
77
74
27
10
18
22
44
208
260
314
421
153
259
358
281
269
237
183
167
154
120
90
73
62
27
10
6
24
41
103
183
198
281
377
331
292
329
347
259
193
155
39
27
10
3
7
5
17
90
258
355
222
153
178
193
151
182
283
530
483
397
184
98
88
31
16
4
6
5
30
346
441
198
111
150
162
192
182
159
600
570
376
280
215
152
77
24
14
5
5
28
105
308
487
209
118
128
176
192
159
300
552
556
347
280
230
105
56
24
6
6
9
27
103
308
228
129
141
173
187
182
174
245
409
141
165
149
135
114
62
20
8
3
17
93
263
398
218
165
165
222
232
222
327
527
425
165
58
107
122
106
47
69
51
7
8
24
44
133
190
338
409
378
375
390
373
383
394
291
225
223
157
74
86
64
51
6
8
31
92
231
274
313
374
310
235
68
270
311
282
181
138
134
68
40
21
5
12
24
112
281
351
187
121
131
205
225
199
320
591
609
416
268
208
64
35
19
6
6
5
36
114
344
225
148
186
237
234
651
601
444
472
367
260
211
191
80
38
24
6
1
27
108
308
468
213
146
185
235
236
204
271
567
621
440
334
236
181
70
15
5
4
7
26
102
313
484
162
151
41
37
113
132
121
312
408
272
187
147
84
51
23
20
11
8
26
266
404
230
123
214
243
237
219
249
489
410
290
222
190
152
136
145
64
30
4
12
18
28
76
156
205
88
43
23
30
24
16
1
8
53
142
306
431
447
469
491
398
402
387
214
98
64
34
20
13
6
3
17
102
404
188
115
138
207
218
182
220
282
547
367
277
202
142
75
27
13
10
6
28
119
357
493
218
137
175
237
209
196
337
611
576
465
298
223
143
32
15
6
6
5
27
111
328
467
138
171
260
221
196
172
309
608
565
289
201
157
84
51
21
25
14
7
105
342
498
207
138
192
229
219
198
308
628
531
443
280
177
179
126
64
20
8
4
20
76
259
456
220
140
260
279
283
346
381
455
355
287
196
147
98
87
74
41
35
7
12
23
89
201
258
194
257
353
380
388
374
339
295
219
164
162
123
109
75
60
4
6
3
30
70
189
297
337
435
361
410
337
376
356
328
229
207
155
97
54
39
16
8
6
11
41
101
244
308
353
389
357
253
284
114
123
82
60
64
20
8
2
1
4
21
172
364
185
106
89
67
29
24
89
291
373
281
163
121
84
58
13
5
2
4
16
75
86
328
190
66
10
11
25
58
144
285
237
226
96
38
24
14
4
2
3
14
56
179
195
65
98
102
126
120
139
156
113
68
89
82
70
26
16
8
8
2
3
57
108
288
136
29
72
75
122
148
285
505
410
349
210
203
160
148
116
64
37
7
8
6
52
119
207
318
404
370
359
480
431
460
360
315
245
175
139
108
88
76
45
9
39
20
94
227
334
402
411
350
342
404
483
339
333
226
159
95
45
16
12
2
24
109
312
408
176
129
165
184
163
212
298
590
571
436
299
195
150
69
10
2
4
8
20
122
362
425
214
153
187
184
190
180
292
579
539
396
245
144
74
33
8
5
8
9
31
370
429
202
142
164
212
178
124
176
599
586
381
261
213
160
72
37
20
8
7
31
124
338
391
209
121
159
189
170
135
222
261
244
232
248
145
69
48
26
10
6
4
32
93
299
210
140
179
251
223
225
203
358
566
315
225
163
167
126
108
80
79
28
5
22
37
108
177
249
367
372
349
354
305
359
329
256
176
170
143
136
79
89
36
1
6
12
44
69
140
317
364
376
311
365
369
325
289
245
147
84
54
37
10
13
5
8
28
332
420
215
105
139
189
177
188
187
568
540
374
231
200
129
68
25
14
3
6
22
114
329
209
69
30
56
103
112
192
264
511
492
337
253
206
81
27
17
6
6
7
31
117
330
208
133
180
193
181
179
185
281
536
283
160
200
127
95
41
11
10
12
30
101
311
415
203
120
165
176
193
181
301
563
551
420
285
221
187
113
31
20
8
13
22
104
254
317
111
21
29
34
24
61
56
99
234
248
138
157
148
93
79
68
31
8
5
46
121
175
293
386
407
460
390
452
426
400
308
243
222
193
150
173
124
59
8
3
17
38
86
155
275
361
369
347
353
464
420
404
329
186
137
79
29
17
8
5
6
25
113
332
205
154
159
209
187
154
209
313
570
383
251
182
136
75
37
10
11
10
24
124
249
427
193
122
123
162
151
205
258
530
356
320
238
196
121
93
14
9
3
4
22
114
185
287
155
151
184
162
170
181
280
591
524
372
74
87
71
40
23
2
8
7
22
283
431
225
127
158
195
211
167
227
589
584
384
273
225
175
81
60
23
3
8
26
98
297
456
237
168
217
266
266
245
360
591
511
374
230
206
132
130
58
67
25
8
5
19
36
129
121
132
158
125
180
195
223
228
126
66
56
70
65
47
24
30
9
7
15
29
64
115
248
292
321
308
173
206
167
174
162
87
88
64
25
6
4
7
8
21
94
249
372
153
126
147
118
120
101
218
495
412
315
138
91
54
27
9
3
6
7
27
309
400
187
126
124
199
173
183
194
585
524
345
261
166
114
66
43
11
6
5
32
117
301
467
219
133
170
219
190
182
282
591
593
374
246
201
73
40
22
10
5
5
24
114
302
208
129
144
226
191
195
219
323
568
343
260
195
148
99
67
28
5
10
27
87
242
417
241
174
230
235
305
270
419
563
465
294
197
166
146
136
65
45
20
10
8
22
73
103
217
397
446
485
465
496
451
393
359
248
187
149
142
129
78
55
30
14
15
44
107
185
365
423
455
418
500
407
438
414
302
193
173
152
123
53
34
11
6
21
44
114
254
219
265
322
365
370
384
402
459
473
336
225
175
75
30
11
5
3
5
20
123
352
235
149
123
181
180
171
175
320
604
318
234
175
147
57
25
10
2
2
22
112
259
404
197
113
120
62
101
45
55
251
172
109
90
83
43
54
12
4
6
7
17
52
81
209
109
84
105
162
133
155
276
479
268
205
123
114
47
39
24
6
7
8
17
147
209
180
125
87
75
132
156
230
481
423
248
196
178
143
95
106
73
23
6
7
20
57
125
207
322
374
394
472
377
443
441
372
238
179
168
135
107
77
65
42
12
7
10
48
190
347
377
444
438
462
412
466
405
233
178
102
130
62
37
17
7
2
29
114
309
414
206
135
166
205
205
208
302
620
518
333
229
177
104
62
11
5
1
4
21
109
341
499
227
147
201
219
169
205
304
625
570
317
206
137
70
34
16
7
3
3
31
210
202
123
149
130
106
97
120
201
140
197
145
85
107
69
26
15
4
8
26
92
318
426
223
130
129
199
155
160
234
494
469
298
241
165
128
50
26
18
7
6
31
85
233
402
138
174
240
206
198
235
302
524
397
184
143
113
117
96
70
31
20
8
18
57
114
169
236
282
343
322
310
359
360
335
220
159
157
144
108
88
50
46
6
3
12
21
88
143
289
413
415
408
387
405
340
284
193
144
94
49
32
15
7
4
6
21
86
398
195
129
168
220
198
206
177
310
486
237
129
126
79
59
30
11
5
5
24
98
314
408
223
128
166
200
200
234
285
585
518
338
248
201
170
32
12
3
3
5
21
92
299
464
131
155
194
82
66
70
213
454
453
207
157
135
75
26
11
8
4
4
46
137
316
171
62
52
53
74
92
207
322
240
219
182
132
111
68
44
4
8
10
25
75
205
374
229
130
213
228
185
215
308
446
368
204
143
36
39
19
18
17
8
1
1
5
20
20
12
27
50
30
29
41
22
43
39
47
50
54
36
54
43
50
11
4
10
22
80
147
178
240
314
300
290
320
245
213
153
92
79
71
23
13
3
3
6
18
86
227
372
105
128
170
152
141
168
272
486
422
172
116
85
52
21
11
4
6
8
93
254
419
222
135
117
176
167
150
298
506
460
313
209
127
96
72
19
2
2
4
27
92
251
472
228
133
189
161
172
187
266
553
479
282
182
106
57
31
15
7
5
4
28
99
402
164
110
120
179
169
152
162
267
433
252
209
144
137
95
43
17
10
7
23
66
245
395
254
134
162
197
201
237
290
480
374
196
186
123
115
52
62
31
8
8
2
23
34
84
227
238
372
355
386
343
335
334
237
165
118
82
85
75
115
29
9
6
16
28
90
170
262
320
346
314
320
347
256
185
151
116
88
45
50
15
2
3
6
26
99
311
410
174
123
179
189
145
170
295
528
425
300
204
108
48
18
11
1
3
4
18
99
466
191
129
147
203
196
161
188
289
462
278
181
182
108
48
13
10
5
4
28
98
300
456
219
105
152
180
179
151
281
485
408
304
219
161
114
24
11
5
11
3
23
114
272
436
117
108
167
96
64
62
73
177
273
168
136
89
82
66
19
11
6
8
46
121
258
201
200
170
239
236
247
238
310
208
199
109
83
91
73
64
46
17
7
4
7
27
101
160
232
366
353
435
386
361
285
203
171
132
118
101
73
71
57
28
6
5
23
79
135
241
295
354
339
371
310
319
190
157
139
95
89
67
30
11
17
5
19
114
322
452
233
111
128
202
185
195
315
519
489
302
240
213
113
22
10
15
4
7
28
108
319
480
138
134
176
153
147
191
271
451
441
238
168
128
80
31
5
10
5
4
56
137
232
82
36
60
54
58
61
123
233
189
111
99
75
46
31
24
5
3
4
22
75
168
355
198
81
121
124
110
116
195
399
307
217
169
84
58
30
10
10
2
5
22
71
375
213
115
140
165
177
154
178
209
328
190
137
111
97
59
53
35
46
8
2
12
41
92
142
200
233
311
349
382
287
232
208
182
163
108
106
93
84
56
37
12
4
9
23
65
229
286
304
369
363
351
306
203
145
113
105
40
28
17
12
3
4
5
76
246
391
237
135
128
162
134
135
108
210
192
137
80
114
78
33
14
6
3
7
18
64
121
190
149
52
21
26
35
34
62
165
148
111
127
87
39
16
8
6
3
5
17
69
323
167
76
116
160
174
213
207
173
145
122
68
66
62
51
23
24
22
2
11
6
40
46
81
98
142
150
168
149
114
74
37
28
31
26
22
29
14
10
2
7
5
13
35
74
142
226
272
283
272
310
261
184
153
95
85
58
33
47
29
23
17
4
10
17
60
83
141
230
309
325
299
275
184
185
146
141
92
65
69
46
31
17
4
5
9
23
42
111
189
256
313
313
317
323
204
155
139
104
66
32
16
13
5
4
34
104
277
208
107
118
178
162
143
150
264
468
264
218
156
109
46
22
17
5
2
22
89
342
449
202
36
11
18
22
65
151
354
358
250
184
125
95
53
8
5
1
5
22
103
285
478
193
122
160
147
112
115
226
380
376
279
135
87
50
20
10
9
7
1
24
276
477
224
93
102
148
154
150
154
418
405
228
190
162
104
73
38
15
1
3
23
87
205
445
246
105
160
207
170
199
276
411
372
265
190
111
95
75
71
50
9
8
6
11
26
124
195
275
358
292
343
337
305
232
175
127
109
114
85
83
74
62
41
4
4
26
55
126
216
254
329
357
296
330
245
171
173
124
72
64
45
12
8
2
7
25
90
283
404
190
123
154
171
133
148
248
446
399
308
176
106
62
28
16
3
3
7
20
234
414
204
50
32
55
71
75
45
262
304
233
110
114
87
53
33
13
3
1
3
18
46
86
64
33
50
33
25
30
31
52
51
33
26
6
16
21
7
4
1
2
12
71
244
225
110
106
156
124
137
117
208
331
232
175
139
92
61
34
14
12
6
20
63
199
385
264
126
136
173
168
189
250
362
318
199
150
140
129
94
66
60
25
3
6
11
11
73
149
236
283
286
293
299
241
185
172
154
83
95
66
74
62
52
19
5
6
31
72
107
194
197
288
268
242
266
163
163
105
72
63
43
35
20
9
2
3
21
64
235
385
220
105
115
166
111
132
214
359
357
241
165
121
45
17
4
2
3
4
20
92
223
233
102
124
167
127
134
151
207
398
267
161
139
107
59
22
8
2
3
26
87
247
467
239
142
115
144
133
167
245
396
390
268
175
154
104
51
20
7
3
6
24
92
258
457
280
135
157
164
132
82
131
324
377
287
155
124
114
72
31
23
5
5
26
231
459
243
132
144
173
137
128
153
365
295
214
152
102
106
75
62
43
26
9
9
17
20
59
100
181
209
236
237
228
222
165
157
106
106
96
69
71
46
41
18
1
5
3
12
81
129
188
228
228
219
207
234
136
135
104
89
49
37
17
11
3
3
21
68
191
397
183
108
127
141
142
159
208
378
354
251
206
127
107
60
6
11
2
4
15
72
268
432
259
129
175
181
138
154
238
431
411
224
143
107
53
25
11
4
2
2
28
229
405
234
89
56
61
58
51
61
229
280
209
167
123
105
54
27
15
6
3
16
64
186
343
228
141
145
188
159
214
256
356
288
142
33
17
11
9
12
13
4
2
8
40
92
156
104
174
170
194
200
203
181
140
76
50
32
47
25
23
16
26
5
4
10
10
27
56
56
71
94
121
97
99
68
35
25
24
19
20
17
4
2
4
1
1
4
5
23
43
66
79
86
91
86
44
30
16
26
17
16
11
10
7
2
4
4
19
62
70
91
100
140
153
131
97
97
65
56
49
27
29
12
6
4
3
8
35
80
164
104
60
30
24
20
19
46
115
135
90
69
63
32
26
12
7
4
9
43
110
217
189
96
140
159
120
117
167
250
169
151
79
33
39
28
15
3
2
3
10
41
210
170
110
122
130
131
142
177
177
207
135
96
68
55
45
30
20
12
2
10
32
95
205
194
118
171
197
245
292
283
242
182
112
91
95
85
44
35
28
18
10
1
6
19
49
128
217
273
313
300
253
195
129
93
71
52
38
31
48
93
75
52
8
2
7
14
40
70
138
201
223
267
215
111
106
105
83
71
66
29
39
7
4
4
14
16
53
68
109
175
176
151
168
154
153
126
93
88
66
34
13
6
3
2
5
12
85
170
153
60
75
74
73
79
77
136
245
156
115
68
33
18
9
3
1
1
14
59
152
315
180
64
46
84
91
90
131
281
289
184
123
90
52
32
5
4
4
5
26
78
215
388
227
84
120
118
117
119
197
412
383
265
97
71
60
25
8
5
4
3
13
205
447
241
116
138
191
204
178
222
476
419
272
177
154
135
101
79
62
20
10
9
7
20
64
130
203
324
445
512
449
401
322
297
215
170
140
119
91
72
67
32
6
2
2
24
125
208
256
351
343
328
330
314
219
112
126
91
58
30
15
5
5
3
21
88
240
420
197
108
88
103
80
69
49
152
164
190
132
79
62
52
5
4
4
23
79
222
471
195
83
140
178
106
136
240
460
385
281
200
114
41
28
7
5
4
2
22
74
499
225
97
99
55
65
73
79
118
98
93
57
29
49
9
3
3
2
2
16
89
220
508
230
90
119
144
156
188
281
495
421
330
240
174
133
42
12
14
7
3
21
73
177
419
103
114
154
154
129
138
233
332
301
136
102
65
65
44
50
38
20
3
5
24
92
81
149
178
219
220
231
206
144
143
102
103
69
66
76
59
43
25
6
5
8
17
36
90
126
234
224
188
206
205
146
120
110
95
60
29
25
20
17
3
8
6
13
78
96
126
179
185
228
181
192
180
181
144
90
49
43
28
12
2
12
13
57
126
93
68
62
75
86
103
129
219
462
463
308
180
180
90
61
10
2
4
1
29
88
263
489
202
114
161
130
105
130
176
346
355
256
124
78
38
16
5
3
4
1
19
206
423
210
108
99
111
124
119
127
385
361
234
191
121
90
56
27
15
4
3
19
68
185
425
263
97
123
156
115
156
174
349
301
192
142
104
38
24
23
26
13
1
2
1
13
42
45
63
67
76
95
119
118
106
85
67
69
59
52
52
50
47
21
3
4
13
32
63
129
133
185
199
176
155
108
121
89
74
44
58
37
4
2
1
1
19
42
122
272
211
62
62
37
61
74
122
276
282
220
120
68
37
25
9
8
3
2
26
232
490
255
116
153
175
203
173
208
515
423
331
229
172
125
99
31
13
1
4
33
88
257
513
236
141
157
212
160
155
246
470
439
316
235
185
66
25
21
7
6
3
28
88
239
274
108
111
165
173
128
164
224
413
313
224
192
142
91
38
29
13
8
24
72
134
220
107
126
105
180
201
197
267
422
383
251
159
135
119
86
58
41
17
8
10
15
31
91
158
296
314
373
362
410
407
290
241
206
127
103
85
96
73
51
21
5
7
12
70
111
191
255
288
316
280
310
234
168
159
111
69
64
25
10
9
4
5
26
80
225
493
198
85
99
132
115
138
221
438
410
306
181
162
52
15
8
2
2
1
22
104
279
261
144
139
194
198
160
177
307
559
328
238
165
129
63
31
4
7
3
18
67
208
520
276
133
143
179
186
194
283
539
526
335
264
233
140
97
17
9
2
1
19
74
205
445
228
105
148
137
141
174
229
450
410
327
148
109
61
38
22
6
4
2
17
226
441
270
129
164
216
198
170
216
488
385
267
163
134
119
77
86
43
18
6
4
5
28
90
157
224
270
302
276
305
143
67
64
80
77
78
70
61
51
63
17
9
4
4
16
92
148
182
248
274
243
272
296
306
69
50
66
191
42
21
6
3
2
72
234
444
277
116
116
150
141
140
228
430
437
291
201
154
87
46
23
4
2
3
15
100
299
529
289
116
172
184
138
146
276
509
518
338
212
118
51
23
10
1
1
1
20
98
508
253
108
102
138
126
108
54
75
167
161
125
129
98
60
26
12
2
1
18
76
267
484
238
97
99
158
144
134
238
399
417
295
199
177
107
43
13
16
5
2
17
64
230
448
124
153
176
192
146
191
268
396
359
151
122
113
65
53
45
26
9
4
9
19
78
90
166
183
221
235
243
146
144
108
87
63
48
46
20
21
27
14
1
3
2
18
26
63
91
140
138
111
155
164
87
96
80
57
28
23
9
6
4
1
2
17
72
417
205
71
90
118
140
135
155
211
405
263
214
147
102
36
14
6
3
2
22
90
280
513
262
98
112
172
124
145
266
523
406
281
184
109
77
22
5
4
3
1
25
95
321
515
120
138
163
170
134
171
231
487
468
211
178
107
58
23
5
7
1
3
87
288
498
202
44
71
45
64
31
118
289
353
258
216
145
111
73
34
12
1
1
16
71
226
520
283
116
198
205
170
221
307
465
377
282
171
107
82
86
45
45
18
7
1
9
102
138
205
286
369
384
427
499
404
246
188
148
114
118
74
74
72
48
3
2
5
14
56
93
191
226
255
237
253
212
157
167
119
103
36
55
41
15
20
8
6
10
44
120
110
208
281
312
263
289
280
253
242
172
98
62
26
12
7
3
2
15
86
464
217
85
86
163
131
124
160
254
425
304
227
154
100
47
24
7
6
2
30
90
302
576
252
139
171
207
177
195
298
529
525
327
274
239
147
42
15
9
6
1
32
91
326
560
148
182
224
218
192
217
343
610
522
269
222
137
85
46
18
5
5
2
82
272
469
244
141
163
228
183
31
178
256
300
233
167
152
106
86
61
38
7
2
3
13
23
93
122
183
258
226
216
232
195
159
133
149
105
82
91
70
55
42
21
6
5
2
59
87
188
227
305
325
331
353
339
216
143
88
83
71
64
29
6
4
1
16
90
280
528
230
104
103
177
158
174
286
529
527
334
219
195
92
10
6
3
6
2
21
101
325
559
132
163
183
190
134
166
287
530
449
204
188
101
65
32
6
4
2
29
253
116
38
10
10
70
76
56
90
253
192
102
97
39
55
33
11
12
3
5
18
109
304
594
286
133
168
211
211
223
361
600
525
328
254
197
85
46
20
6
3
2
24
92
262
314
132
194
234
222
205
78
50
128
174
100
101
75
23
22
44
38
21
2
7
16
48
94
168
214
299
339
399
467
385
303
225
149
154
134
106
76
80
26
14
5
5
23
66
118
256
327
364
332
334
299
263
184
132
79
62
26
17
6
4
1
1
18
260
428
197
86
103
137
120
128
130
387
375
226
179
120
78
31
8
6
1
3
25
102
275
501
233
129
130
164
136
166
250
446
457
287
187
148
54
15
5
4
3
3
18
108
344
264
147
161
215
205
175
209
288
612
361
260
188
159
62
46
21
11
3
29
109
334
585
301
138
204
251
233
185
342
597
590
416
302
233
153
94
26
11
7
1
29
85
268
501
284
187
201
224
178
238
343
566
470
244
141
107
86
77
51
42
16
4
10
40
111
148
223
274
329
357
379
406
354
297
184
121
110
100
83
69
61
22
7
10
17
72
90
218
299
410
501
487
509
498
389
258
171
147
94
24
10
9
2
3
16
88
268
564
137
150
221
250
221
233
332
644
712
286
205
133
63
26
16
1
2
1
113
308
593
342
143
219
244
233
212
365
676
734
479
351
244
170
87
39
2
4
5
27
121
368
662
351
188
267
254
224
283
356
782
749
472
330
202
91
60
23
19
7
14
26
117
623
315
164
211
265
273
258
287
426
746
425
330
243
169
97
57
26
4
3
32
99
278
562
312
180
207
294
202
107
129
258
408
296
235
152
148
100
69
42
26
2
8
30
86
218
443
585
651
686
690
679
685
648
560
271
223
211
185
107
113
56
18
14
11
42
96
178
351
368
503
544
521
541
541
459
352
198
173
100
46
23
8
2
3
31
120
354
579
331
184
282
263
260
286
385
721
801
549
330
148
54
29
15
10
3
6
20
100
516
325
163
230
261
284
248
244
431
801
555
377
277
188
90
33
26
10
4
39
149
372
535
293
154
192
229
225
243
378
729
779
582
374
251
197
41
30
6
7
6
34
136
361
649
142
219
272
298
257
304
425
810
801
424
374
220
151
95
50
32
10
3
116
346
662
380
275
318
471
428
432
589
957
830
686
445
284
271
176
156
69
32
7
4
28
70
154
249
345
183
196
223
290
177
115
137
133
111
83
105
80
89
35
18
8
6
18
89
118
250
323
360
367
414
421
492
491
375
259
149
111
65
33
28
20
4
36
117
370
657
282
153
178
279
217
223
305
664
684
458
221
186
93
10
5
7
4
3
17
101
286
581
138
175
220
211
184
200
305
614
644
294
221
134
64
30
8
3
5
1
115
358
658
314
173
222
268
273
221
221
604
641
456
362
261
172
93
48
6
5
9
32
117
367
654
321
166
292
273
238
307
388
703
681
468
335
152
94
59
27
7
7
2
26
86
593
321
187
201
270
242
229
280
367
560
395
209
220
153
123
92
82
69
8
5
23
44
145
223
313
463
621
551
605
535
543
341
284
208
143
156
67
62
81
25
12
18
97
84
125
360
451
445
464
561
573
511
555
432
232
134
68
63
17
5
5
4
24
306
589
317
204
209
281
281
268
324
729
618
494
329
238
123
66
33
11
3
1
27
100
341
604
408
219
258
345
311
316
485
757
800
558
379
243
79
41
11
5
3
1
27
126
366
363
167
213
283
251
258
268
390
744
494
372
298
181
131
45
13
18
5
29
126
354
638
351
246
268
276
291
269
402
822
698
487
312
234
149
136
38
11
8
5
23
80
246
508
376
291
337
411
490
537
536
655
484
412
190
158
113
94
69
36
28
7
2
54
123
276
363
495
590
643
578
626
567
517
413
208
234
182
118
85
64
26
7
12
28
37
84
179
299
404
483
503
486
476
411
310
276
211
130
51
37
16
6
3
5
32
111
331
286
178
223
280
281
218
255
391
632
421
276
165
108
67
26
9
2
2
24
103
384
692
319
181
239
259
283
203
362
744
704
479
282
206
127
62
12
2
2
27
106
321
595
302
153
182
163
135
202
307
579
585
384
235
134
61
23
9
4
5
1
21
96
624
287
141
224
259
203
224
211
353
610
433
280
187
158
94
55
30
11
5
21
84
296
563
330
192
233
322
348
352
463
738
671
427
286
189
215
96
70
56
32
14
7
21
64
160
406
564
678
678
660
658
582
560
481
321
220
212
196
124
106
74
45
12
16
46
97
251
421
528
635
681
628
616
623
479
379
291
229
134
90
41
14
8
6
38
133
387
597
297
224
271
263
288
275
358
712
676
522
375
214
121
43
11
4
6
9
30
144
673
400
217
239
244
239
257
308
370
775
537
402
297
162
82
38
14
9
7
34
134
418
576
265
147
119
110
51
98
235
488
505
368
260
189
162
25
13
6
4
4
30
120
406
677
189
229
264
238
237
262
387
748
776
404
267
248
144
64
25
21
10
3
113
359
700
359
237
254
362
381
394
580
819
668
492
341
287
202
187
142
81
29
9
1
31
76
201
331
482
640
649
609
628
639
568
416
54
39
110
91
117
73
56
40
7
6
12
51
79
68
77
61
52
53
38
36
39
35
35
11
13
17
6
2
4
3
14
45
207
482
272
100
101
129
114
112
103
232
379
298
203
152
89
13
7
3
2
3
22
120
390
611
162
184
224
224
216
236
362
691
632
285
226
157
73
36
25
7
3
6
106
389
654
321
182
219
269
228
223
376
732
709
543
380
239
192
104
43
13
6
3
17
127
225
362
201
139
204
197
169
204
318
614
664
464
337
183
112
73
35
22
3
6
19
120
592
334
236
233
307
306
300
324
440
654
441
289
208
158
116
103
67
57
2
5
28
55
158
214
291
358
381
440
408
376
322
90
139
102
84
83
36
42
40
16
4
6
7
27
107
380
411
584
595
653
603
587
522
487
243
204
108
82
48
24
8
4
2
123
349
596
268
157
163
225
247
218
347
683
664
471
309
221
134
60
35
8
3
8
17
26
169
557
349
174
269
249
204
234
354
681
743
487
335
211
95
47
15
16
6
4
33
120
666
315
175
184
245
228
240
256
367
813
504
338
239
173
98
90
24
17
2
21
136
384
627
304
168
201
301
204
283
370
704
706
522
420
299
246
89
48
11
14
4
24
135
356
618
199
258
171
278
242
343
440
643
641
313
235
232
256
153
107
75
32
9
42
87
197
284
432
575
550
524
428
540
502
434
405
309
269
217
149
134
93
28
16
11
17
36
114
191
333
558
565
518
571
544
511
463
383
276
157
102
34
9
6
5
2
23
142
639
350
190
213
263
272
239
262
388
680
546
323
247
173
113
38
9
16
5
20
165
463
641
295
157
217
263
71
134
389
717
710
458
302
223
147
35
14
1
2
5
28
126
418
622
153
201
280
266
243
259
357
705
372
51
34
67
55
33
11
3
3
2
139
401
630
361
154
256
272
318
247
421
732
770
553
374
230
232
135
64
31
13
9
26
135
351
620
322
210
348
363
334
439
525
779
596
503
341
234
180
136
93
56
34
9
13
33
178
335
411
522
559
659
615
590
591
546
439
287
230
274
176
98
94
82
9
12
21
60
156
222
350
428
531
552
499
564
478
389
339
230
169
131
35
11
2
2
6
26
65
75
156
59
79
185
176
171
196
111
229
300
189
152
129
75
32
19
4
6
5
24
92
409
355
171
224
264
239
184
374
678
733
512
263
109
83
71
39
19
6
4
38
158
440
650
347
192
330
350
263
274
446
873
846
590
459
286
133
79
28
16
3
16
35
159
634
346
205
279
348
327
270
316
430
868
537
446
299
251
166
70
49
21
11
34
182
515
745
361
255
334
360
350
391
568
812
669
483
337
258
251
148
104
69
33
14
12
50
95
195
452
586
642
704
730
672
642
626
645
315
259
338
239
170
130
98
66
16
25
90
171
313
432
581
637
607
543
577
549
474
402
274
233
145
86
40
11
2
7
15
79
153
270
186
99
170
184
180
225
315
508
530
448
336
142
97
36
27
11
5
7
17
137
590
333
200
189
254
243
222
245
386
785
364
373
261
174
105
47
32
12
3
35
160
468
719
297
191
197
248
248
257
278
285
327
376
295
245
159
56
30
16
4
5
30
156
415
692
185
221
289
302
252
291
390
798
752
398
285
243
167
73
42
23
14
9
113
359
583
340
232
283
321
333
367
584
653
522
404
350
255
212
166
116
64
31
2
10
31
54
141
289
437
529
539
564
513
504
462
415
373
255
204
150
137
78
61
36
11
7
22
151
270
424
519
570
498
547
535
501
518
442
392
143
59
96
65
59
48
6
9
20
67
155
263
364
476
525
465
460
501
405
383
395
317
247
157
45
14
8
3
5
33
154
450
634
183
197
237
239
238
256
393
781
710
204
71
55
50
36
4
5
5
6
144
483
671
305
177
208
253
289
252
398
839
796
556
431
304
217
160
61
14
8
8
33
178
507
693
311
220
292
293
254
290
487
827
785
591
479
264
140
86
34
16
4
6
45
141
694
298
204
235
310
316
254
258
222
110
45
39
85
23
73
86
76
41
13
12
36
86
210
332
493
536
668
647
702
644
586
512
554
399
316
228
169
121
89
50
13
12
22
35
140
404
511
684
686
678
644
662
578
496
314
246
226
108
49
14
11
5
8
139
517
665
282
187
239
282
274
270
448
834
822
645
461
265
168
86
34
8
5
5
36
184
569
710
335
176
247
267
276
272
473
850
790
513
415
193
113
49
27
11
8
10
38
172
668
303
203
226
315
303
302
300
452
782
538
408
298
248
123
59
22
12
6
34
170
526
681
337
210
237
336
265
333
466
869
813
602
478
313
228
77
29
19
8
10
29
139
428
700
249
264
369
416
373
397
523
793
723
408
339
291
215
206
123
89
40
8
80
87
244
340
466
569
531
585
593
534
495
451
360
363
316
214
230
158
73
29
10
13
30
62
181
266
413
502
492
500
475
508
521
490
375
363
159
110
41
24
17
6
7
37
144
651
316
147
202
261
248
259
259
427
831
596
394
250
164
80
28
16
6
4
29
136
303
613
285
125
65
95
60
116
239
681
653
491
386
274
207
34
28
4
8
10
40
194
505
713
198
246
334
255
320
281
392
857
744
448
396
238
153
48
21
9
5
6
181
506
719
357
179
228
265
284
298
438
867
823
579
435
337
242
172
94
15
5
14
33
151
430
653
366
216
403
393
376
377
558
823
693
467
385
321
222
137
95
67
27
8
23
47
204
367
435
566
603
617
573
583
542
571
461
352
290
280
183
148
88
74
18
17
23
48
119
274
436
546
615
582
463
580
593
513
390
302
246
153
40
14
9
4
9
23
37
145
474
91
121
168
225
219
237
332
723
642
362
273
164
74
35
14
15
8
10
161
480
673
328
180
230
292
272
227
334
811
795
514
458
276
291
125
53
6
8
7
39
165
464
643
316
167
180
211
190
179
335
691
672
539
407
257
123
69
18
18
11
12
40
150
590
256
150
161
215
172
176
194
320
640
499
436
311
243
146
93
31
12
10
38
122
359
613
333
185
236
254
263
284
380
646
505
362
202
217
197
116
123
93
42
19
12
47
78
167
494
516
602
564
609
483
513
530
481
386
322
279
225
163
127
114
60
13
25
71
141
232
452
506
556
585
551
461
532
534
423
332
253
178
87
68
14
5
4
43
158
485
608
268
184
270
260
251
233
414
833
791
582
475
187
103
37
30
9
9
10
39
188
656
328
190
235
308
306
267
317
416
824
612
505
328
245
131
54
23
14
11
36
200
527
687
282
172
209
322
270
249
392
843
804
643
445
367
297
54
25
13
7
11
47
193
508
617
184
211
276
236
254
219
387
705
697
470
398
274
171
114
42
18
8
10
163
380
624
300
171
188
226
239
233
351
539
464
363
308
236
163
48
69
61
23
18
10
42
92
194
275
404
471
428
409
404
373
362
339
374
292
172
152
149
93
90
33
4
10
27
142
219
366
377
433
420
444
345
313
370
382
332
258
151
110
43
17
15
12
40
136
398
568
295
174
201
257
230
234
365
747
730
581
395
258
188
53
14
10
2
6
35
154
483
646
209
217
272
283
310
401
527
722
627
376
196
177
171
159
123
93
32
16
32
72
153
293
447
485
494
499
547
389
414
430
432
551
584
502
183
88
18
7
7
29
133
343
550
293
186
276
310
241
254
433
689
607
503
321
225
131
102
29
17
7
6
35
131
585
304
210
233
331
293
275
285
369
560
418
336
300
288
164
150
71
58
16
14
31
71
152
256
325
367
342
308
306
294
279
277
287
276
201
220
147
124
70
35
13
6
21
52
130
319
389
376
337
312
298
291
270
253
285
207
122
123
39
18
5
5
2
92
230
455
363
175
216
266
255
242
413
849
872
631
447
331
224
131
69
16
3
4
42
187
520
649
331
190
272
280
242
265
435
872
819
414
84
139
103
44
14
5
5
7
41
185
674
328
195
229
292
273
241
276
411
814
633
483
391
244
152
56
21
9
5
44
178
512
702
327
214
215
292
209
271
439
795
825
629
514
373
318
95
59
17
9
11
34
127
380
713
268
288
379
374
369
353
492
835
631
389
299
263
212
191
118
101
40
9
35
48
151
282
401
439
499
591
632
566
458
351
431
356
269
225
211
187
115
57
19
9
15
47
133
221
382
489
480
476
489
495
436
312
312
294
130
91
43
11
15
6
12
50
140
667
348
186
182
237
239
212
237
386
794
595
454
328
284
166
53
25
7
7
38
213
526
661
320
159
206
254
214
244
381
770
772
547
427
333
244
53
16
8
4
6
46
162
495
679
138
183
202
203
170
194
224
370
643
366
319
288
131
66
25
7
5
8
152
473
657
318
198
216
274
254
197
358
771
777
533
505
332
68
65
34
19
36
9
42
126
360
691
373
233
274
156
229
216
436
715
622
402
251
135
166
103
72
60
25
16
17
15
112
207
268
305
457
354
343
380
326
177
238
214
163
180
149
113
130
122
16
6
19
38
153
258
379
505
504
616
624
628
556
515
522
378
345
191
47
27
17
2
8
51
157
421
738
200
198
314
240
271
281
457
847
741
403
296
209
114
64
17
16
6
6
190
516
743
339
218
201
229
273
244
455
869
877
632
523
378
269
192
66
12
12
4
59
190
507
788
342
231
310
312
247
317
484
913
891
698
567
278
239
92
29
21
8
4
42
181
729
344
222
212
279
242
213
238
374
688
614
446
271
234
145
97
54
26
8
37
139
410
676
363
231
251
299
326
323
499
699
622
516
354
260
199
191
80
90
43
11
14
50
76
163
395
457
487
498
494
497
487
479
481
233
300
276
208
188
158
112
55
13
18
40
127
226
381
509
511
483
522
521
531
419
443
303
271
148
100
58
8
3
5
47
161
469
751
293
189
278
226
254
236
425
827
812
665
462
230
150
38
21
8
6
6
45
194
760
333
227
224
248
288
260
144
402
857
614
452
352
257
147
47
33
13
4
49
185
487
681
350
236
234
284
263
295
479
837
891
652
513
320
288
63
42
11
6
9
41
183
473
739
181
226
286
310
225
270
406
865
767
427
342
262
177
71
43
14
6
12
163
421
668
396
249
263
338
345
331
492
741
671
469
389
278
202
196
161
84
30
13
17
49
67
181
278
396
547
527
472
489
450
492
490
397
312
269
222
153
87
73
41
14
19
19
108
229
364
437
491
523
526
450
421
229
185
193
208
157
87
33
11
5
11
25
141
407
605
276
213
260
285
287
274
451
858
843
640
457
317
207
47
18
13
6
9
36
179
502
705
250
214
283
253
261
306
445
868
814
448
317
224
138
58
23
6
7
7
173
482
737
341
214
239
280
313
236
441
858
862
686
500
381
233
136
67
14
6
10
41
167
475
698
353
205
277
281
247
267
417
810
811
623
478
259
156
85
41
20
9
7
33
44
119
220
193
251
315
290
307
324
467
640
492
370
286
218
192
180
116
85
10
11
23
62
162
271
407
499
546
538
562
531
512
300
275
160
128
168
120
113
86
48
10
10
16
39
119
328
449
505
543
579
577
513
505
491
300
220
181
110
47
14
9
6
11
159
436
673
305
199
245
276
254
248
464
818
812
555
432
290
192
128
60
11
3
5
36
64
179
618
402
208
300
286
255
283
458
812
854
627
436
189
167
60
37
8
11
4
39
172
682
367
233
235
307
294
255
266
431
848
649
427
315
226
138
76
21
15
5
37
165
464
682
337
199
274
343
248
260
419
897
832
677
514
356
254
88
54
19
6
9
36
157
379
668
231
303
365
357
328
383
488
791
669
359
255
213
121
105
92
43
30
13
27
64
189
292
480
536
654
644
598
641
635
554
488
341
338
261
235
187
119
55
26
11
20
41
124
270
425
298
162
149
276
356
343
377
341
274
56
46
26
10
5
3
7
37
161
655
357
193
241
282
291
275
309
460
815
299
261
245
161
102
59
33
8
4
34
169
519
723
328
178
256
305
302
302
467
878
625
476
358
280
232
55
21
17
7
8
40
187
553
740
225
267
312
316
266
316
460
783
683
391
351
281
140
60
25
20
9
6
192
481
707
412
233
278
332
346
305
465
820
941
633
474
329
198
157
111
16
8
8
38
151
425
744
389
262
371
351
338
350
515
812
736
536
363
251
178
135
115
79
38
12
14
30
162
288
442
457
584
517
482
233
434
383
354
241
208
182
158
134
134
116
16
16
21
34
133
263
385
482
626
377
391
173
233
264
292
211
166
114
32
7
8
4
12
36
145
433
699
206
229
283
288
246
282
444
845
834
416
278
161
114
38
21
15
4
8
147
269
693
395
204
218
297
288
251
480
864
818
597
435
314
216
109
47
6
9
10
40
181
554
808
348
178
360
300
301
338
493
870
812
643
427
235
157
65
23
17
5
8
35
163
754
396
234
276
294
290
273
338
482
853
610
471
307
291
152
82
32
20
7
29
108
421
690
398
256
309
410
436
526
528
617
546
452
356
303
277
168
79
69
35
12
22
36
66
162
417
492
471
504
514
563
462
463
442
207
104
78
145
99
73
84
42
22
15
42
129
232
388
489
545
493
457
474
503
500
292
104
171
166
123
104
40
28
11
4
15
43
127
229
359
543
566
512
449
500
498
482
374
261
121
70
29
24
5
10
8
38
172
632
323
172
198
287
275
274
292
458
839
552
385
268
179
95
37
13
9
5
40
210
500
725
290
235
217
266
211
245
430
863
839
662
412
296
219
65
18
8
9
8
38
200
482
646
49
62
137
191
216
270
416
808
835
406
272
217
169
96
29
11
9
8
140
486
719
344
224
296
323
354
253
470
772
792
568
391
301
299
248
150
77
43
11
15
34
82
230
348
422
694
668
626
512
114
171
167
215
194
194
133
124
124
96
46
28
55
35
170
299
495
585
757
729
647
696
701
560
496
356
206
189
92
41
18
17
5
40
180
447
730
361
210
236
332
340
346
488
871
968
633
390
285
159
32
10
6
8
9
44
211
596
750
196
247
316
328
255
326
536
970
877
461
310
216
109
49
21
11
7
5
205
557
770
328
205
232
352
323
278
509
925
977
635
470
306
212
127
57
9
11
6
57
195
571
758
338
212
297
283
274
352
491
884
852
674
463
251
170
87
41
30
14
12
41
152
766
347
246
280
409
408
371
367
563
808
579
404
312
229
195
207
109
93
6
16
33
73
212
342
442
627
706
715
654
783
729
614
478
330
296
279
151
117
89
48
8
13
35
71
128
490
559
656
694
635
557
596
570
481
324
191
127
94
45
21
13
7
11
164
492
683
299
202
252
295
343
332
453
842
774
486
340
233
129
70
13
4
6
7
48
167
356
672
293
160
88
114
143
36
141
338
281
324
290
151
78
26
12
3
5
10
56
172
797
362
192
247
313
289
286
311
466
892
611
409
349
229
123
58
18
11
6
56
170
534
790
355
190
243
290
298
291
457
976
900
603
417
274
287
66
49
14
12
10
49
165
503
757
225
321
389
421
412
423
567
846
805
369
312
295
186
172
124
83
45
15
41
77
218
377
474
626
688
707
654
680
646
598
407
325
261
239
171
180
95
54
10
6
16
57
175
276
489
776
702
666
640
691
723
540
413
252
138
100
64
18
8
5
8
37
168
750
328
198
238
342
328
303
300
516
853
590
432
256
172
94
64
13
14
9
47
194
556
805
409
170
218
302
293
303
495
967
822
539
425
297
188
40
29
17
10
14
36
182
532
838
185
227
316
340
277
300
468
953
884
434
360
215
115
65
21
16
7
8
169
558
794
335
208
294
335
326
258
472
905
899
559
457
253
47
45
17
10
7
12
38
138
394
705
426
245
380
410
399
392
502
808
667
508
336
220
190
149
101
92
29
14
15
37
211
332
472
663
682
686
750
727
722
594
470
315
292
221
196
147
116
92
7
10
22
57
144
285
479
591
680
612
649
648
575
401
257
194
123
91
45
18
12
7
10
36
155
483
784
179
272
323
305
244
329
459
856
613
262
218
207
105
31
11
2
5
10
179
260
134
86
45
99
104
154
163
374
715
687
395
306
289
240
98
52
9
7
11
34
177
515
809
362
175
358
279
251
319
478
917
810
593
497
241
220
76
25
13
11
10
39
133
738
359
177
214
288
294
267
325
497
887
534
441
321
232
155
102
46
11
11
41
137
428
785
384
260
304
468
400
470
634
900
761
500
372
267
264
191
141
75
56
11
10
30
84
206
539
647
743
710
576
620
659
610
495
247
215
185
179
127
109
74
22
11
23
35
62
86
185
336
392
320
314
333
157
106
114
116
113
79
80
51
15
10
7
19
59
154
397
332
298
341
405
420
370
377
497
456
371
227
107
69
31
13
7
3
7
19
143
713
382
164
193
260
238
244
254
424
784
514
360
225
162
84
33
8
8
6
40
175
507
839
366
217
291
390
271
319
566
948
844
566
392
269
197
42
11
11
3
10
42
159
478
798
204
251
326
291
348
460
481
827
692
415
260
177
186
68
37
16
6
8
143
392
745
400
275
313
387
381
371
520
837
642
493
308
190
160
100
249
67
15
11
11
28
70
174
266
347
573
670
597
615
637
528
473
332
255
189
125
111
112
66
28
12
11
24
132
223
428
494
562
619
617
568
581
453
336
246
196
125
105
48
29
6
10
40
147
476
737
359
168
263
284
185
260
447
766
592
239
256
206
126
48
13
3
2
7
52
172
525
835
222
228
325
328
308
346
446
943
838
432
195
181
199
49
17
16
7
4
178
464
817
382
228
234
332
310
270
466
888
884
516
414
329
215
99
57
14
5
5
42
153
508
834
387
218
377
332
285
353
450
890
788
513
387
229
117
56
16
10
5
6
36
131
467
389
224
252
332
375
365
395
565
233
232
229
206
190
131
123
95
78
18
13
31
65
193
363
423
612
703
711
711
691
731
521
345
259
296
202
154
117
132
41
21
10
26
56
143
443
547
675
626
640
623
591
491
413
195
166
113
66
31
11
5
6
7
144
452
728
360
212
211
283
315
282
524
922
786
514
403
174
183
163
37
7
1
7
50
158
531
761
334
221
378
303
296
346
541
938
826
482
379
194
111
46
27
6
4
6
53
173
801
373
171
236
316
306
301
308
532
858
572
441
313
238
123
76
28
18
5
55
171
495
779
343
225
238
319
285
305
499
886
809
542
347
271
207
71
36
19
13
5
50
144
421
734
197
290
392
337
351
448
582
817
665
311
292
217
178
142
146
90
26
13
31
86
213
328
479
585
668
760
750
612
618
456
300
296
209
157
167
117
116
79
20
28
39
65
173
330
434
491
391
402
301
293
225
154
54
55
37
14
22
116
126
124
98
124
143
81
64
66
39
16
8
7
3
5
116
337
621
297
168
189
241
213
224
424
723
584
410
268
192
165
101
60
20
15
10
40
148
420
680
331
146
221
248
185
214
344
689
678
452
296
202
120
50
24
10
3
7
26
122
687
382
204
221
292
294
262
306
421
522
374
221
156
149
119
108
89
46
16
9
21
59
142
219
328
340
394
455
448
400
410
297
239
181
166
146
102
165
37
11
9
5
16
50
149
360
445
504
493
509
449
435
327
237
141
87
79
53
23
8
6
4
16
139
461
648
257
142
150
244
222
196
360
638
542
372
241
152
115
53
19
2
4
7
41
149
387
588
363
230
248
278
240
272
402
627
497
371
228
153
205
283
92
74
11
9
27
118
601
368
178
147
212
181
161
198
273
465
319
256
126
60
40
15
12
6
35
124
423
668
275
161
171
235
228
233
339
592
507
373
245
233
161
87
20
12
9
14
27
131
341
693
327
251
262
299
274
356
434
654
496
361
199
163
162
122
76
44
20
6
10
71
146
259
350
466
606
651
627
567
501
359
283
192
220
193
146
124
108
48
11
12
19
68
119
273
405
504
686
654
724
653
493
405
277
200
171
109
49
30
20
4
4
24
71
264
397
266
367
419
420
444
382
434
596
353
304
155
112
63
23
5
11
5
18
50
107
211
110
94
155
196
218
217
310
608
559
356
223
187
135
84
12
1
5
6
39
146
415
691
332
151
240
214
181
260
321
583
567
396
213
173
87
34
16
7
2
5
37
410
646
323
153
166
213
217
201
217
563
573
386
285
224
153
125
65
21
6
5
36
130
367
711
351
198
218
278
251
267
383
580
505
332
227
178
128
106
87
49
21
7
11
21
78
248
320
423
476
525
555
549
469
403
253
172
139
145
133
129
95
73
46
12
15
42
119
204
329
359
442
447
407
372
280
276
210
129
110
74
59
19
5
2
12
39
131
386
663
278
197
242
251
217
257
380
619
580
406
203
113
74
29
13
5
2
6
34
418
665
326
176
205
313
267
224
287
590
550
384
235
157
122
83
26
14
2
10
29
101
273
551
365
172
241
365
413
449
469
374
311
243
136
105
57
46
42
18
6
3
8
17
56
119
219
232
262
269
220
228
182
109
44
52
46
44
36
32
13
5
1
10
20
77
94
112
201
251
379
424
447
357
300
208
154
142
98
79
67
20
32
11
3
3
10
25
62
122
186
199
225
207
198
170
126
145
83
75
76
57
34
36
28
8
2
3
21
34
96
139
204
202
195
203
245
181
141
127
119
64
62
41
23
10
5
10
41
124
365
638
286
147
130
217
228
230
346
553
521
371
277
181
65
26
6
5
4
5
31
100
293
268
57
65
76
77
94
155
257
527
350
232
185
97
67
23
12
1
3
39
136
409
692
322
161
146
208
214
179
325
563
542
387
263
223
154
78
16
7
7
42
121
362
679
299
178
236
224
187
220
370
561
537
344
252
151
130
52
19
12
4
3
40
106
729
330
169
201
268
262
251
296
405
509
377
245
183
163
110
108
69
50
5
13
27
63
144
193
256
392
446
479
484
443
320
297
249
198
158
147
117
94
74
25
7
8
16
31
93
293
355
520
431
473
417
443
303
203
154
99
96
51
21
13
10
8
5
138
396
731
308
136
233
268
321
260
442
708
692
471
300
221
144
102
55
8
4
7
46
153
502
721
336
156
312
272
270
300
435
743
731
460
306
181
96
37
11
9
7
10
49
124
759
388
141
172
232
214
218
285
377
609
414
293
198
105
74
44
16
9
9
32
124
389
659
276
145
178
235
212
270
331
617
565
373
227
191
133
48
28
11
5
10
26
84
215
441
166
203
240
220
215
303
375
568
498
241
171
165
122
103
100
70
29
12
20
39
111
170
287
404
486
547
542
507
345
304
246
182
209
160
162
118
78
48
12
8
6
23
69
103
219
315
285
232
225
253
229
198
122
108
78
51
20
4
5
4
12
27
123
584
284
133
134
173
220
210
236
345
564
427
300
245
126
84
31
8
1
8
41
118
380
724
334
154
173
226
204
270
358
601
546
433
257
207
106
34
21
9
10
4
37
128
369
688
136
172
232
238
225
228
329
561
540
268
202
122
79
32
23
8
2
8
114
385
679
325
167
189
282
271
242
406
550
466
348
241
213
148
120
47
9
12
10
34
113
308
636
343
190
273
313
299
309
417
622
455
319
221
138
134
94
95
69
23
6
3
11
119
220
273
393
453
456
426
447
413
272
257
201
184
156
119
110
96
87
11
9
6
27
88
132
257
295
417
310
338
400
243
107
109
122
106
89
28
15
5
3
5
24
108
319
592
135
170
232
210
181
211
302
495
507
200
120
54
47
18
15
7
5
8
118
355
662
326
184
269
313
286
247
363
572
525
353
268
168
132
81
41
3
5
7
31
112
363
678
317
164
236
213
218
237
334
562
569
336
241
129
88
42
20
8
4
6
35
118
599
317
161
190
212
217
214
249
302
381
118
50
26
21
13
17
9
3
6
13
80
208
472
267
154
162
224
219
263
281
321
243
153
112
70
63
31
35
23
7
5
5
13
20
29
118
159
146
158
161
153
147
114
82
61
53
39
40
27
20
18
9
4
9
19
48
56
93
152
196
186
175
190
114
93
58
52
42
58
25
12
5
3
9
17
30
66
85
103
124
70
46
33
33
26
26
18
23
22
11
13
13
7
1
3
7
6
11
32
86
114
121
126
107
86
50
43
40
34
19
30
9
7
1
2
2
36
26
31
23
8
10
10
15
20
13
53
43
35
32
20
11
10
3
2
1
3
11
45
90
208
133
75
109
118
119
120
174
257
197
117
91
44
26
25
9
5
2
4
15
51
239
191
162
178
222
222
261
225
250
213
128
97
92
62
59
26
37
19
3
3
7
18
44
49
41
45
48
98
129
147
118
110
97
66
60
54
41
28
19
15
7
2
8
13
33
122
136
144
169
160
138
133
123
125
72
47
36
49
34
19
11
1
3
40
85
196
157
120
157
224
203
247
214
164
122
119
89
90
61
49
